 day | number_of_assignments | duration 
-----+-----------------------+----------
  51 |                    12 |      570
   9 |                    12 |      545
   1 |                    11 |      590
  46 |                    11 |      400
  30 |                    11 |      630
  44 |                    11 |      560
  24 |                    10 |      450
  36 |                    10 |      570
  23 |                    10 |      555
  45 |                    10 |      430
  43 |                    10 |      615
  22 |                    10 |      555
  37 |                    10 |      605
  29 |                    10 |      545
  39 |                    10 |      380
   2 |                     9 |      585
  50 |                     9 |      585
  17 |                     9 |      435
   3 |                     9 |      425
  10 |                     9 |      465
  16 |                     9 |      570
  31 |                     9 |      480
   4 |                     9 |      380
  15 |                     9 |      660
  12 |                     9 |      390
   8 |                     9 |      570
  47 |                     8 |      380
  32 |                     8 |      375
  38 |                     8 |      455
  19 |                     8 |      410
  25 |                     8 |      370
  49 |                     8 |      330
  42 |                     8 |      330
  20 |                     8 |      335
  33 |                     8 |      365
  26 |                     7 |      390
   7 |                     7 |      330
   5 |                     7 |      405
  11 |                     7 |      390
  34 |                     7 |      330
  18 |                     6 |      375
  28 |                     6 |      375
   6 |                     6 |      315
  35 |                     6 |      320
  40 |                     6 |      380
  41 |                     6 |      305
  27 |                     5 |      315
  14 |                     5 |      315
  13 |                     5 |      315
  48 |                     5 |      315
  21 |                     4 |      315
(51 rows)

